97, 4, 37, 43, 45, 85, 118, 138, 146, 148, 163, 186, 203, 207, 209, 213, 246, 261, 263, 382, 429, 439, 465, 505, 507, 538, 555, 607, 609, 613, 624, 661, 683, 699, 792, 795, 820, 826, 827, 840, 845, 847, 855, 885, 919, 986, 990
38, 6, 71, 79, 147, 173, 181, 210, 212, 235, 253, 255, 256, 269, 291, 294, 296, 305, 358, 377, 393, 394, 402, 415, 422, 450, 469, 536, 550, 566, 567, 570, 584, 617, 650, 671, 718, 738, 748, 750, 839, 876, 902, 908, 945, 977, 982, 994
55, 14, 19, 28, 47, 77, 98, 107, 108, 115, 137, 219, 291, 292, 302, 316, 326, 330, 332, 344, 360, 364, 380, 402, 439, 451, 460, 467, 470, 500, 522, 533, 545, 590, 622, 625, 677, 679, 719, 731, 841, 858, 882, 899, 909, 934, 982
23, 5, 25, 28, 31, 37, 51, 74, 81, 94, 97, 105, 118, 136, 156, 166, 168, 221, 261, 264, 273, 332, 344, 366, 397, 412, 417, 459, 469, 480, 495, 497, 500, 522, 543, 570, 608, 640, 650, 659, 687, 730, 776, 796, 809, 830, 836, 858, 867, 898, 908, 920, 949, 966, 968, 970, 994, 999
11, 3, 12, 34, 72, 92, 112, 138, 154, 176, 190, 242, 246, 271, 288, 293, 294, 299, 309, 324, 332, 342, 344, 346, 356, 358, 367, 398, 431, 442, 467, 497, 522, 529, 533, 538, 540, 542, 547, 567, 598, 662, 690, 705, 708, 711, 712, 715, 738, 775, 798, 812, 815, 886, 892, 906, 910, 938, 966, 973
24, 15, 21, 30, 60, 78, 83, 151, 160, 175, 176, 181, 199, 203, 247, 271, 309, 322, 323, 357, 359, 370, 398, 417, 421, 441, 443, 492, 507, 548, 554, 595, 635, 704, 736, 739, 745, 748, 774, 788, 833, 836, 838, 845, 853, 898, 902, 903, 908, 909, 919, 921, 925, 934, 962, 996
1, 36, 40, 86, 105, 108, 135, 196, 197, 211, 236, 240, 251, 258, 267, 321, 327, 381, 388, 394, 433, 448, 459, 481, 482, 509, 531, 547, 571, 579, 594, 600, 601, 626, 635, 675, 698, 700, 705, 708, 739, 778, 825, 829, 835, 851, 868, 873, 875, 881, 921, 925, 935, 948, 960, 970, 993, 994, 996
81, 1, 26, 27, 62, 66, 104, 105, 109, 128, 157, 181, 195, 215, 268, 288, 297, 314, 366, 384, 422, 465, 494, 524, 525, 530, 586, 596, 599, 603, 609, 638, 651, 675, 676, 698, 763, 771, 795, 807, 857, 874, 887, 904, 919, 961, 966
13, 54, 72, 118, 138, 150, 209, 212, 229, 288, 300, 311, 320, 390, 414, 422, 450, 479, 502, 513, 521, 525, 537, 553, 637, 654, 677, 690, 782, 798, 822, 841, 867, 877, 942, 978
53, 39, 59, 82, 113, 140, 155, 170, 219, 223, 244, 304, 329, 347, 365, 375, 390, 417, 433, 457, 484, 492, 518, 528, 538, 554, 564, 569, 571, 597, 607, 615, 632, 635, 654, 665, 676, 699, 713, 721, 734, 736, 758, 772, 791, 807, 834, 837, 838, 839, 844, 847, 872, 882, 888, 894, 895, 902, 911, 922, 924, 931, 935, 973, 997
9, 10, 19, 25, 65, 81, 96, 131, 140, 228, 259, 281, 294, 321, 326, 372, 379, 390, 405, 420, 431, 476, 515, 522, 541, 558, 560, 583, 600, 603, 609, 613, 639, 648, 652, 662, 691, 710, 717, 726, 736, 761, 763, 820, 827, 902, 929
58, 11, 16, 63, 64, 128, 170, 174, 191, 194, 195, 252, 261, 263, 264, 292, 305, 310, 314, 327, 362, 366, 385, 405, 408, 421, 430, 440, 455, 487, 515, 533, 557, 622, 631, 682, 685, 705, 719, 731, 773, 791, 792, 798, 869, 882, 928, 953, 954, 961, 969, 984
33, 8, 9, 21, 53, 70, 106, 109, 113, 121, 230, 246, 269, 271, 278, 302, 308, 313, 351, 367, 374, 397, 403, 417, 424, 458, 499, 541, 592, 611, 616, 631, 646, 687, 713, 727, 745, 762, 775, 779, 802, 825, 860, 900, 922, 931, 939, 966, 982, 992
96, 11, 18, 61, 99, 134, 136, 138, 183, 189, 201, 260, 285, 312, 326, 327, 384, 392, 426, 437, 439, 449, 488, 508, 511, 512, 539, 557, 571, 581, 584, 622, 665, 681, 700, 710, 743, 778, 795, 805, 898, 930, 952, 955
85, 52, 57, 68, 70, 75, 76, 78, 94, 110, 119, 139, 156, 159, 181, 192, 237, 248, 258, 303, 324, 327, 330, 335, 336, 372, 379, 495, 499, 500, 538, 565, 611, 612, 627, 650, 670, 674, 687, 714, 720, 721, 736, 738, 745, 768, 776, 782, 791, 818, 828, 862, 904, 908
3, 16, 24, 63, 95, 118, 136, 176, 196, 244, 252, 265, 309, 341, 343, 353, 359, 402, 405, 418, 445, 533, 535, 606, 620, 624, 680, 707, 717, 729, 751, 756, 779, 801, 832, 887, 911, 921, 929, 961, 979, 980
46, 15, 31, 82, 90, 97, 114, 115, 118, 129, 139, 160, 177, 179, 189, 204, 215, 233, 236, 255, 292, 298, 314, 316, 423, 442, 465, 523, 536, 537, 561, 581, 592, 632, 656, 666, 667, 712, 729, 737, 778, 783, 794, 796, 837, 876, 889, 947, 950, 958, 959, 974, 989, 991
44, 14, 44, 47, 61, 68, 80, 86, 93, 94, 100, 101, 108, 116, 135, 154, 156, 192, 216, 245, 260, 280, 291, 328, 329, 330, 352, 354, 374, 414, 420, 438, 448, 458, 479, 504, 513, 523, 530, 544, 564, 621, 644, 664, 677, 690, 767, 768, 769, 771, 778, 787, 841, 847, 1000
90, 27, 38, 45, 63, 66, 78, 122, 138, 166, 209, 218, 231, 256, 264, 286, 300, 308, 324, 337, 352, 377, 385, 412, 420, 431, 469, 482, 502, 523, 535, 549, 576, 610, 738, 748, 753, 766, 768, 790, 798, 875, 890, 908, 923, 939, 940, 974, 998
27, 24, 27, 28, 73, 91, 115, 168, 174, 185, 222, 247, 268, 305, 314, 324, 342, 349, 410, 419, 444, 471, 477, 488, 489, 506, 513, 560, 563, 569, 587, 613, 632, 689, 695, 724, 755, 778, 784, 796, 809, 819, 834, 836, 841, 847, 850, 889, 905, 924, 927, 932, 964, 974, 978, 988
59, 22, 42, 56, 60, 84, 108, 116, 118, 161, 180, 210, 225, 289, 293, 330, 340, 346, 348, 377, 392, 406, 470, 489, 490, 492, 534, 546, 556, 578, 582, 597, 707, 717, 723, 771, 797, 805, 820, 824, 827, 832, 843, 852, 875, 880, 883, 889, 894, 943, 948, 966, 982, 999
90, 7, 36, 51, 64, 78, 167, 190, 192, 206, 220, 284, 286, 367, 370, 385, 387, 424, 432, 440, 475, 490, 500, 543, 608, 619, 629, 633, 663, 670, 690, 709, 710, 714, 749, 782, 810, 877, 950, 958, 964, 972
10, 8, 61, 84, 96, 130, 147, 196, 210, 217, 229, 233, 238, 265, 267, 285, 315, 350, 361, 366, 378, 390, 391, 402, 462, 483, 491, 502, 503, 506, 509, 581, 587, 608, 625, 631, 638, 639, 648, 659, 665, 686, 706, 742, 773, 787, 802, 816, 819, 835, 844, 916, 971
1, 24, 25, 37, 58, 158, 178, 228, 254, 281, 296, 349, 417, 495, 498, 526, 529, 533, 535, 559, 580, 585, 622, 628, 633, 661, 698, 739, 742, 771, 791, 806, 843, 889, 912, 919, 954, 990
74, 2, 22, 44, 99, 112, 121, 128, 130, 140, 143, 160, 167, 192, 227, 232, 245, 252, 267, 314, 322, 363, 379, 414, 443, 466, 471, 509, 515, 539, 543, 552, 563, 567, 588, 605, 618, 637, 645, 649, 660, 718, 719, 753, 763, 788, 802, 808, 976, 990
23, 1, 18, 41, 42, 48, 70, 72, 120, 136, 137, 177, 198, 201, 231, 239, 248, 310, 367, 381, 393, 410, 411, 412, 423, 458, 460, 501, 507, 526, 531, 539, 554, 602, 607, 610, 644, 655, 674, 696, 699, 701, 706, 755, 831, 858, 874, 885, 902, 954, 975, 999
1, 1, 27, 58, 68, 83, 84, 87, 110, 141, 147, 151, 171, 178, 226, 240, 285, 308, 331, 355, 389, 406, 453, 463, 465, 471, 476, 537, 539, 543, 558, 594, 601, 614, 625, 692, 693, 703, 710, 712, 725, 754, 806, 817, 829, 852, 873, 883, 901, 903, 917, 928, 934, 935, 955
68, 2, 5, 96, 97, 105, 116, 129, 152, 201, 208, 220, 277, 284, 295, 309, 317, 348, 352, 355, 424, 438, 450, 510, 513, 544, 566, 575, 577, 583, 598, 603, 618, 626, 649, 650, 658, 683, 688, 694, 747, 752, 784, 819, 823, 832, 842, 855, 875, 877, 881, 891, 907, 918, 951, 964
3, 30, 39, 50, 90, 107, 116, 121, 126, 151, 158, 175, 187, 259, 265, 266, 341, 345, 352, 362, 405, 419, 432, 465, 494, 510, 534, 567, 570, 607, 628, 639, 662, 670, 692, 709, 778, 785, 788, 810, 845, 850, 853, 907, 934, 935, 963, 977, 996, 998
14, 23, 74, 89, 92, 103, 123, 144, 145, 177, 200, 218, 226, 264, 276, 298, 310, 317, 337, 342, 355, 368, 415, 438, 450, 467, 518, 522, 554, 558, 588, 612, 613, 622, 629, 663, 722, 737, 738, 745, 795, 806, 831, 900, 904, 921, 930, 944, 947, 954, 975, 996
2, 4, 7, 27, 33, 64, 86, 100, 178, 183, 195, 212, 225, 227, 246, 259, 275, 285, 286, 301, 303, 344, 346, 350, 361, 367, 372, 373, 392, 397, 404, 420, 452, 459, 474, 487, 492, 500, 510, 525, 534, 547, 630, 636, 637, 649, 668, 673, 674, 698, 704, 716, 727, 743, 756, 758, 807, 827, 848, 876, 892, 896, 900, 921, 949, 967, 973, 990
13, 18, 34, 46, 63, 83, 97, 102, 144, 161, 177, 183, 209, 243, 245, 263, 275, 278, 314, 362, 383, 390, 402, 427, 443, 450, 503, 519, 533, 555, 570, 585, 595, 614, 658, 664, 677, 712, 714, 736, 744, 763, 772, 779, 780, 787, 829, 854, 863, 865, 871, 873, 892, 915, 920, 922, 950, 963, 991
54, 12, 13, 27, 29, 36, 38, 57, 170, 174, 183, 229, 271, 281, 282, 286, 303, 319, 344, 346, 358, 359, 365, 391, 423, 426, 433, 444, 492, 495, 511, 559, 570, 593, 628, 630, 641, 659, 660, 669, 696, 700, 717, 720, 755, 774, 785, 807, 824, 834, 848, 872, 882, 885, 888, 904, 916, 927, 950, 982, 993
60, 40, 60, 62, 87, 105, 118, 128, 143, 175, 197, 222, 227, 258, 296, 306, 330, 370, 373, 409, 424, 440, 449, 476, 480, 489, 493, 497, 503, 576, 582, 584, 590, 594, 596, 599, 626, 635, 649, 658, 668, 674, 679, 683, 691, 694, 702, 776, 812, 859, 866, 877, 887, 910, 927, 950, 959, 964, 973, 986, 992
98, 10, 12, 14, 20, 30, 52, 72, 76, 80, 86, 102, 112, 115, 148, 156, 209, 231, 249, 309, 310, 316, 324, 354, 364, 426, 436, 450, 453, 476, 525, 532, 614, 617, 642, 657, 660, 661, 704, 757, 764, 777, 778, 789, 802, 816, 823, 873, 899, 903, 942, 950, 958, 995
72, 10, 25, 56, 57, 59, 74, 82, 89, 98, 114, 122, 123, 143, 144, 148, 163, 176, 202, 216, 253, 266, 292, 345, 363, 386, 387, 428, 478, 496, 497, 509, 512, 524, 585, 641, 644, 646, 687, 704, 709, 714, 741, 749, 780, 837, 846, 848, 874, 883, 889, 896, 932, 948, 994, 997
87, 29, 52, 120, 128, 136, 145, 161, 192, 195, 199, 203, 222, 249, 251, 253, 346, 350, 360, 363, 375, 386, 408, 461, 492, 503, 523, 539, 591, 595, 656, 675, 690, 722, 723, 739, 768, 772, 784, 792, 842, 897, 904, 913, 918, 955, 956, 964, 975
41, 26, 34, 43, 53, 69, 74, 96, 113, 170, 174, 178, 218, 227, 235, 256, 260, 286, 292, 295, 314, 338, 372, 400, 403, 440, 448, 454, 477, 500, 505, 527, 552, 582, 622, 659, 669, 672, 681, 697, 710, 730, 735, 742, 809, 839, 843, 847, 883, 891, 911, 942, 963, 964, 992, 999
19, 9, 10, 12, 42, 122, 123, 133, 134, 167, 172, 174, 177, 196, 203, 212, 222, 230, 252, 276, 285, 286, 294, 305, 315, 332, 351, 354, 410, 424, 480, 485, 490, 495, 509, 522, 532, 546, 554, 576, 581, 596, 616, 620, 633, 654, 685, 688, 705, 734, 735, 739, 748, 760, 787, 795, 797, 841, 860, 884, 891, 926, 984, 989
88, 2, 24, 28, 39, 55, 105, 141, 146, 158, 204, 218, 252, 285, 289, 304, 318, 362, 373, 394, 417, 456, 480, 496, 522, 530, 551, 627, 629, 631, 643, 683, 685, 697, 738, 764, 772, 774, 790, 804, 906, 939, 947, 957, 967, 998
8, 9, 13, 25, 41, 68, 92, 120, 127, 132, 134, 163, 166, 183, 229, 237, 279, 282, 321, 370, 411, 419, 426, 442, 472, 475, 486, 499, 519, 562, 564, 611, 626, 640, 652, 686, 710, 728, 734, 735, 799, 844, 861, 894, 903, 942, 965, 987
86, 43, 59, 117, 126, 131, 147, 162, 193, 225, 233, 254, 266, 269, 273, 309, 357, 368, 382, 387, 393, 397, 495, 543, 568, 577, 579, 621, 627, 637, 644, 666, 672, 712, 722, 728, 740, 746, 775, 782, 829, 851, 855, 857, 879, 898, 903, 926
72, 20, 61, 71, 134, 141, 147, 207, 232, 240, 255, 263, 269, 286, 320, 344, 352, 378, 379, 405, 417, 428, 436, 437, 444, 487, 504, 512, 530, 562, 572, 580, 583, 591, 611, 635, 647, 653, 696, 726, 788, 793, 819, 828, 846, 851, 856, 875, 899, 908, 920, 940, 945, 986, 988, 992
46, 8, 29, 67, 103, 104, 118, 145, 160, 216, 223, 234, 247, 257, 313, 321, 388, 406, 408, 443, 493, 496, 513, 538, 551, 557, 560, 597, 612, 649, 660, 689, 690, 720, 723, 782, 787, 813, 835, 855, 886, 911, 923, 958, 980, 982, 988, 991
63, 60, 82, 101, 119, 132, 135, 152, 155, 162, 167, 181, 195, 245, 248, 267, 275, 278, 403, 429, 460, 465, 469, 503, 527, 545, 546, 558, 634, 667, 668, 700, 765, 778, 794, 805, 812, 823, 825, 827, 846, 888, 933, 939, 943, 1000
67, 24, 39, 63, 94, 113, 167, 188, 191, 212, 216, 253, 289, 297, 339, 347, 357, 358, 362, 371, 398, 502, 508, 555, 561, 601, 606, 610, 630, 642, 656, 675, 679, 699, 712, 761, 762, 764, 765, 779, 794, 826, 845, 852, 886, 888, 894, 903, 952
86, 6, 11, 92, 112, 137, 155, 171, 175, 177, 213, 232, 255, 287, 316, 334, 343, 345, 388, 410, 463, 481, 519, 521, 589, 590, 593, 632, 642, 648, 667, 671, 677, 688, 728, 737, 791, 793, 820, 849, 873, 885, 889, 899, 907, 920, 923, 937, 951, 997
11, 42, 81, 100, 111, 116, 122, 160, 181, 185, 213, 230, 343, 352, 354, 372, 380, 385, 399, 415, 421, 436, 453, 456, 459, 469, 478, 495, 496, 503, 550, 593, 622, 661, 672, 724, 733, 740, 768, 770, 818, 839, 892, 907, 955, 958, 983, 999
31, 24, 27, 41, 66, 69, 138, 145, 152, 183, 207, 240, 264, 280, 281, 286, 289, 294, 315, 326, 333, 336, 353, 378, 379, 384, 411, 432, 446, 463, 562, 592, 595, 602, 681, 730, 757, 785, 791, 846, 850, 862, 879, 890, 944, 973, 977, 982, 985
2, 11, 34, 74, 77, 112, 123, 143, 144, 156, 166, 170, 182, 228, 232, 239, 250, 271, 279, 296, 313, 363, 365, 383, 397, 405, 409, 414, 419, 420, 473, 489, 498, 571, 586, 656, 686, 696, 747, 766, 775, 788, 790, 793, 831, 834, 855, 861, 874, 890, 895, 938, 944, 946, 957, 962, 968, 970, 975, 990
