9, 30, 41, 58, 66, 82, 96, 120, 128, 138, 147, 194, 269, 281, 306, 350, 364, 419, 492, 529, 543, 593, 594, 644, 668, 673, 744, 756, 798, 835, 841, 850, 864, 865, 875, 887, 935, 949, 965
61, 18, 33, 72, 92, 124, 125, 144, 190, 202, 210, 232, 246, 255, 265, 283, 307, 359, 367, 381, 434, 450, 453, 468, 474, 548, 554, 584, 663, 687, 698, 707, 718, 727, 735, 816, 831, 842, 879, 887, 896, 902, 967, 976, 985
95, 3, 9, 14, 38, 50, 56, 67, 69, 72, 112, 130, 132, 148, 175, 210, 251, 264, 271, 274, 295, 335, 347, 360, 411, 419, 446, 459, 463, 491, 505, 506, 539, 540, 566, 590, 594, 620, 673, 685, 687, 700, 710, 717, 729, 765, 835, 844, 927, 972, 988, 991
85, 13, 15, 23, 33, 40, 44, 55, 63, 89, 91, 140, 144, 151, 153, 157, 186, 197, 212, 243, 264, 276, 293, 328, 356, 417, 419, 423, 457, 462, 514, 519, 540, 568, 650, 677, 688, 693, 695, 696, 711, 720, 723, 748, 761, 769, 773, 774, 805, 808, 835, 849, 851, 910, 911
54, 30, 38, 56, 76, 86, 236, 258, 275, 283, 304, 315, 329, 340, 346, 349, 353, 387, 392, 395, 418, 435, 436, 442, 446, 461, 463, 484, 505, 507, 545, 569, 587, 593, 637, 642, 681, 693, 694, 701, 715, 742, 743, 756, 790, 810, 817, 831, 902, 909, 913, 936, 944, 963
36, 45, 80, 138, 157, 158, 202, 225, 301, 337, 349, 367, 384, 398, 413, 419, 424, 541, 555, 607, 624, 627, 665, 670, 681, 694, 709, 725, 729, 741, 749, 750, 751, 814, 820, 849, 851, 859, 891, 934, 942, 951, 975
19, 10, 34, 72, 79, 94, 104, 125, 134, 166, 175, 189, 197, 206, 220, 307, 337, 338, 350, 374, 379, 427, 439, 472, 473, 477, 483, 513, 534, 550, 551, 577, 612, 638, 670, 694, 702, 706, 731, 735, 764, 777, 811, 828, 834, 840, 872, 885, 912, 938, 940, 941, 953, 971, 990
63, 44, 64, 68, 86, 106, 141, 163, 167, 187, 192, 199, 221, 229, 266, 303, 306, 346, 362, 387, 426, 453, 463, 471, 478, 516, 518, 532, 622, 623, 628, 651, 668, 704, 711, 723, 739, 753, 773, 844, 863, 888, 903, 910, 958, 978, 998
10, 7, 12, 25, 50, 55, 63, 106, 140, 164, 167, 187, 208, 249, 353, 363, 444, 454, 456, 472, 485, 523, 590, 603, 612, 616, 647, 689, 705, 722, 738, 766, 795, 808, 817, 823, 850, 861, 889, 899, 909, 945, 975, 976, 998, 999
18, 4, 14, 19, 57, 130, 154, 161, 172, 174, 238, 242, 257, 264, 266, 267, 305, 309, 329, 330, 345, 353, 363, 365, 389, 391, 405, 444, 455, 468, 473, 476, 482, 520, 562, 590, 631, 641, 659, 662, 677, 678, 703, 729, 738, 773, 782, 799, 803, 812, 837, 838, 844, 856, 894, 918, 964, 969, 999
42, 14, 20, 42, 59, 62, 103, 194, 211, 227, 267, 300, 353, 357, 370, 392, 417, 429, 441, 487, 491, 513, 536, 582, 608, 648, 654, 689, 707, 739, 755, 759, 764, 786, 802, 806, 808, 827, 835, 852, 871, 872, 887, 899, 901, 904, 910, 964, 971
36, 21, 46, 66, 111, 159, 177, 192, 206, 210, 227, 247, 289, 302, 325, 344, 345, 365, 372, 378, 416, 420, 525, 549, 571, 572, 622, 675, 696, 700, 705, 739, 745, 760, 766, 788, 809, 840, 919, 923, 964, 965, 981, 988, 996
65, 28, 33, 54, 88, 89, 106, 132, 173, 266, 294, 370, 462, 469, 540, 549, 553, 561, 571, 598, 601, 609, 625, 638, 642, 666, 676, 679, 711, 734, 742, 767, 769, 782, 800, 802, 808, 844, 875, 895, 915, 940, 942, 984, 992
78, 48, 69, 77, 96, 102, 121, 128, 139, 155, 179, 182, 186, 187, 197, 212, 215, 243, 248, 260, 295, 296, 312, 336, 344, 351, 363, 377, 397, 413, 427, 457, 459, 493, 538, 577, 581, 613, 621, 686, 698, 729, 735, 746, 780, 797, 798, 808, 832, 838, 868, 871, 874, 881, 898, 904, 917, 963
59, 38, 42, 44, 45, 47, 61, 62, 69, 79, 81, 82, 117, 127, 202, 209, 211, 215, 217, 235, 291, 300, 301, 345, 360, 382, 403, 440, 489, 512, 556, 574, 575, 586, 625, 661, 664, 710, 734, 813, 824, 826, 835, 836, 863, 871, 883, 974, 990
45, 10, 25, 50, 68, 96, 129, 147, 155, 158, 183, 188, 196, 200, 249, 276, 371, 392, 399, 429, 452, 454, 484, 524, 597, 607, 620, 629, 672, 675, 680, 696, 699, 700, 713, 762, 780, 781, 784, 795, 798, 842, 850, 853, 862, 865, 875, 882, 893
79, 10, 12, 33, 39, 45, 56, 74, 91, 94, 109, 112, 126, 183, 186, 188, 250, 259, 263, 296, 301, 314, 318, 334, 355, 387, 394, 402, 431, 449, 456, 468, 476, 479, 511, 512, 570, 609, 611, 614, 643, 645, 652, 664, 692, 695, 698, 728, 732, 774, 787, 804, 805, 815, 826, 837, 905, 909, 920, 931, 947, 960, 983, 987
38, 27, 53, 101, 102, 123, 130, 133, 135, 156, 256, 261, 276, 307, 332, 364, 390, 455, 475, 516, 522, 556, 567, 580, 581, 612, 620, 681, 693, 756, 769, 805, 821, 850, 855, 897, 899, 930, 931, 945, 984, 985
70, 6, 8, 24, 44, 51, 53, 60, 72, 88, 116, 148, 233, 240, 310, 312, 314, 325, 353, 354, 361, 367, 372, 378, 382, 401, 429, 440, 455, 478, 503, 508, 536, 545, 561, 588, 595, 650, 663, 679, 680, 691, 720, 721, 752, 776, 780, 792, 817, 832, 855, 883, 916, 989
67, 28, 33, 48, 62, 67, 74, 113, 127, 128, 132, 156, 160, 231, 271, 279, 286, 291, 315, 341, 343, 372, 380, 382, 427, 436, 446, 448, 478, 494, 495, 498, 499, 522, 542, 590, 653, 680, 687, 718, 748, 762, 764, 799, 814, 854, 865, 870, 872, 874, 877, 895, 926, 927, 947, 954, 955, 963, 969
89, 44, 58, 65, 69, 72, 123, 136, 155, 188, 244, 266, 316, 336, 374, 377, 380, 397, 416, 430, 468, 471, 490, 509, 539, 621, 638, 645, 653, 669, 740, 748, 756, 795, 797, 799, 818, 840, 856, 863, 877, 913, 968, 972, 977, 982, 992
92, 32, 50, 58, 63, 80, 117, 143, 153, 154, 162, 169, 172, 191, 196, 205, 211, 232, 268, 299, 312, 325, 333, 338, 349, 352, 362, 367, 385, 390, 395, 433, 453, 464, 468, 469, 481, 485, 508, 509, 523, 525, 532, 586, 614, 637, 650, 679, 682, 785, 803, 812, 871, 880, 886, 893, 950, 959, 994
62, 8, 22, 41, 43, 50, 162, 174, 189, 192, 201, 232, 234, 238, 305, 312, 313, 362, 379, 394, 401, 450, 452, 454, 461, 462, 472, 474, 484, 486, 489, 513, 544, 574, 585, 593, 617, 657, 700, 712, 760, 764, 825, 849, 858, 874, 888, 890, 898, 910, 913, 920, 938, 949, 950, 987
6, 2, 16, 38, 40, 59, 82, 112, 120, 129, 130, 165, 169, 182, 294, 299, 306, 366, 382, 383, 449, 517, 556, 561, 567, 570, 587, 605, 631, 635, 638, 651, 654, 689, 716, 717, 736, 762, 764, 771, 774, 778, 785, 803, 812, 873, 876, 905, 910, 945, 974, 979, 990, 994
64, 3, 46, 56, 57, 59, 97, 100, 102, 103, 122, 201, 217, 235, 253, 254, 258, 284, 305, 321, 361, 367, 378, 433, 459, 475, 486, 503, 524, 532, 537, 539, 553, 585, 593, 643, 699, 733, 741, 755, 800, 810, 813, 821, 838, 870, 875, 912, 913, 940, 958, 987
41, 2, 11, 51, 87, 104, 105, 151, 156, 200, 247, 261, 302, 310, 312, 315, 340, 356, 367, 388, 406, 410, 413, 423, 432, 466, 495, 500, 551, 559, 564, 572, 577, 604, 609, 632, 633, 643, 648, 650, 660, 665, 681, 721, 739, 744, 760, 767, 774, 864, 903, 904, 960, 978
72, 1, 22, 26, 34, 51, 57, 68, 82, 85, 134, 151, 235, 246, 264, 300, 323, 335, 394, 397, 406, 417, 436, 442, 450, 459, 469, 485, 504, 522, 576, 596, 602, 606, 611, 633, 642, 644, 652, 656, 697, 766, 793, 796, 803, 812, 816, 818, 889, 896, 919, 932, 955, 963, 965, 966, 973
72, 34, 39, 46, 59, 73, 124, 156, 160, 170, 185, 191, 197, 204, 238, 254, 270, 288, 303, 315, 321, 323, 324, 340, 363, 372, 401, 423, 438, 443, 453, 476, 538, 563, 594, 627, 648, 672, 674, 684, 686, 704, 713, 733, 787, 836, 845, 850, 863, 885, 889, 921, 933, 973, 988, 991
25, 8, 29, 48, 91, 107, 131, 142, 170, 200, 262, 293, 340, 423, 424, 447, 466, 470, 525, 563, 581, 591, 602, 609, 636, 658, 711, 722, 749, 750, 784, 805, 870, 872, 882, 905, 906, 910, 930, 933, 934, 944, 954, 962, 984, 985
78, 57, 60, 89, 95, 97, 104, 126, 127, 129, 136, 166, 182, 190, 197, 204, 217, 218, 315, 336, 396, 408, 409, 417, 439, 499, 552, 560, 570, 574, 595, 647, 663, 700, 709, 713, 714, 732, 761, 825, 828, 840, 846, 848, 858, 864, 873, 876, 885, 902, 911, 919, 954, 980, 989
12, 6, 30, 36, 104, 108, 116, 122, 126, 145, 173, 188, 222, 267, 310, 313, 327, 333, 339, 348, 353, 388, 401, 405, 458, 468, 475, 522, 524, 529, 533, 561, 626, 645, 660, 674, 730, 749, 800, 868, 875, 889, 915, 920, 940, 941, 945, 957, 958, 969, 984
68, 52, 73, 81, 89, 107, 131, 180, 185, 233, 240, 262, 269, 305, 317, 321, 360, 484, 498, 519, 531, 545, 608, 614, 624, 626, 634, 673, 679, 681, 705, 725, 727, 731, 732, 786, 840, 889, 900, 919, 925, 946, 971, 984
61, 5, 8, 20, 51, 71, 82, 105, 114, 116, 117, 124, 137, 164, 182, 209, 232, 267, 273, 294, 303, 316, 348, 386, 474, 484, 501, 519, 557, 562, 580, 593, 631, 679, 688, 697, 707, 723, 725, 778, 811, 850, 856, 864, 922, 949, 958, 983
27, 27, 36, 44, 46, 53, 58, 93, 132, 134, 146, 177, 193, 204, 209, 214, 233, 241, 243, 272, 312, 349, 362, 411, 494, 496, 503, 529, 551, 556, 607, 611, 622, 651, 692, 693, 708, 731, 742, 777, 802, 813, 837, 868, 882, 908, 917, 926, 930, 961, 985
64, 4, 21, 46, 78, 80, 120, 128, 130, 144, 158, 164, 177, 178, 179, 182, 196, 210, 222, 248, 276, 280, 297, 298, 305, 354, 437, 465, 560, 570, 573, 590, 600, 615, 632, 653, 654, 657, 704, 708, 723, 836, 844, 846, 856, 870, 896, 948, 969, 972, 978, 993, 996
47, 6, 76, 77, 187, 209, 262, 270, 310, 345, 378, 394, 399, 404, 417, 419, 447, 452, 469, 472, 498, 501, 522, 537, 541, 563, 569, 574, 586, 617, 673, 699, 720, 732, 735, 774, 808, 822, 832, 846, 852, 860, 867, 868, 891, 949, 951, 983
14, 9, 22, 29, 40, 50, 65, 115, 155, 168, 193, 196, 208, 226, 240, 250, 252, 254, 259, 261, 273, 286, 293, 300, 311, 320, 323, 372, 376, 396, 412, 432, 467, 565, 598, 613, 614, 623, 641, 659, 698, 700, 738, 746, 768, 783, 787, 794, 796, 815, 818, 825, 849, 869, 933, 938, 944, 949, 955, 971, 976
99, 6, 39, 50, 90, 114, 123, 133, 163, 175, 181, 194, 228, 233, 238, 253, 255, 267, 285, 308, 350, 419, 432, 439, 443, 477, 478, 481, 484, 503, 506, 516, 517, 532, 538, 572, 637, 651, 652, 675, 679, 702, 721, 737, 738, 741, 762, 803, 821, 863, 904, 908, 919, 933, 943, 966
76, 67, 112, 130, 134, 164, 169, 181, 188, 199, 210, 220, 250, 272, 291, 299, 305, 309, 316, 373, 390, 416, 438, 460, 551, 569, 570, 673, 708, 735, 736, 756, 763, 769, 807, 810, 823, 833, 841, 842, 852, 859, 876, 880, 905, 910, 982, 983
4, 11, 28, 45, 76, 85, 92, 93, 125, 128, 165, 171, 204, 207, 224, 299, 301, 308, 325, 343, 397, 424, 453, 480, 487, 517, 524, 530, 533, 586, 599, 607, 613, 644, 648, 658, 722, 762, 820, 841, 857, 862, 864, 895, 927, 962, 973, 974, 998
91, 4, 44, 61, 99, 115, 116, 123, 146, 172, 251, 263, 266, 282, 288, 299, 303, 312, 343, 348, 353, 429, 441, 446, 453, 463, 468, 470, 475, 477, 481, 497, 516, 524, 536, 537, 538, 541, 553, 558, 572, 586, 591, 594, 595, 606, 653, 679, 725, 741, 758, 779, 790, 810, 812, 817, 899, 900, 909, 936, 975, 987, 998
82, 50, 59, 61, 107, 139, 169, 198, 228, 239, 255, 266, 342, 352, 357, 375, 383, 418, 425, 430, 440, 443, 448, 450, 479, 486, 497, 515, 543, 550, 572, 580, 614, 623, 642, 643, 666, 674, 699, 704, 712, 743, 765, 817, 822, 874, 885, 900, 904, 952, 958, 982, 992
93, 24, 29, 48, 49, 61, 90, 101, 146, 193, 202, 214, 217, 237, 256, 272, 326, 337, 341, 367, 380, 467, 468, 538, 552, 556, 582, 627, 635, 647, 691, 729, 763, 770, 786, 805, 806, 841, 848, 859, 861, 863, 870, 895, 921, 928, 932, 934, 949, 960, 977, 990, 991
99, 41, 58, 94, 103, 126, 137, 141, 144, 183, 217, 239, 240, 280, 291, 295, 304, 315, 323, 343, 347, 359, 382, 528, 533, 547, 555, 587, 590, 622, 681, 691, 705, 750, 753, 762, 789, 791, 795, 875, 880, 896, 920, 947, 977
79, 31, 39, 53, 73, 84, 86, 128, 143, 203, 208, 226, 236, 279, 301, 313, 337, 367, 403, 453, 469, 472, 482, 495, 574, 576, 621, 638, 639, 652, 658, 714, 729, 757, 765, 796, 802, 835, 909, 930, 957, 960, 973, 976, 986
74, 9, 20, 22, 27, 42, 44, 55, 59, 61, 68, 75, 93, 104, 107, 138, 151, 168, 200, 265, 280, 282, 298, 319, 327, 338, 340, 432, 444, 504, 527, 559, 578, 593, 616, 686, 692, 713, 714, 737, 744, 758, 762, 788, 790, 800, 814, 838, 842, 864, 888, 899, 923, 957, 960, 968, 987
11, 9, 14, 54, 71, 72, 95, 98, 118, 122, 130, 151, 167, 269, 287, 307, 325, 362, 381, 386, 428, 442, 449, 468, 555, 571, 576, 592, 621, 647, 678, 704, 716, 747, 755, 768, 771, 794, 798, 820, 870, 873, 876, 881, 882, 904, 918, 932, 936, 999
72, 35, 38, 90, 98, 105, 108, 169, 172, 229, 246, 284, 298, 342, 366, 385, 415, 476, 487, 496, 497, 498, 514, 539, 546, 568, 574, 582, 586, 593, 614, 646, 737, 743, 747, 749, 784, 799, 831, 848, 867, 877, 889, 927, 937, 939, 958, 984, 996
19, 26, 33, 50, 69, 77, 108, 122, 153, 156, 213, 242, 255, 320, 355, 360, 366, 394, 403, 416, 419, 429, 473, 476, 483, 493, 624, 638, 642, 663, 668, 688, 697, 709, 710, 738, 756, 813, 843, 873, 877, 890, 891, 904, 910, 939, 941, 950, 978, 995
69, 1, 42, 60, 61, 67, 85, 99, 100, 131, 185, 208, 222, 245, 261, 300, 325, 381, 395, 413, 463, 468, 497, 500, 506, 534, 549, 583, 611, 670, 714, 730, 753, 756, 777, 802, 827, 848, 865, 934, 952, 958, 973, 986
