82, 8, 21, 25, 67, 79, 84, 86, 103, 111, 115, 119, 121, 134, 136, 144, 168, 177, 214, 218, 227, 249, 259, 280, 283, 293, 305, 325, 331, 344, 355, 356, 402, 410, 425, 430, 433, 460, 525, 530, 536, 592, 640, 686, 695, 699, 705, 708, 728, 740, 743, 751, 764, 798, 804, 819, 851, 857, 867, 875, 892, 904, 906, 907, 913, 917, 928, 957, 971, 995
49, 46, 54, 107, 128, 129, 130, 145, 190, 202, 203, 253, 350, 354, 363, 375, 380, 395, 405, 449, 451, 489, 535, 553, 566, 606, 625, 702, 727, 830, 842, 869, 882, 901, 902, 930, 931, 963
82, 2, 16, 31, 41, 43, 80, 123, 171, 265, 269, 282, 321, 347, 391, 393, 419, 423, 454, 464, 474, 509, 511, 516, 518, 552, 572, 579, 591, 594, 611, 625, 642, 648, 656, 668, 700, 710, 726, 794, 796, 829, 830, 847, 849, 882, 936, 974, 983
81, 20, 29, 46, 47, 60, 73, 82, 100, 102, 120, 125, 127, 128, 151, 157, 158, 167, 178, 192, 218, 226, 278, 282, 447, 548, 602, 662, 691, 744, 761, 769, 778, 816, 827, 866, 899, 908, 909, 918, 946, 961, 971, 997
29, 5, 12, 22, 57, 92, 109, 115, 159, 172, 194, 195, 198, 212, 218, 235, 257, 262, 339, 350, 388, 401, 402, 403, 409, 412, 415, 463, 529, 548, 567, 589, 597, 608, 626, 644, 661, 666, 675, 676, 697, 706, 721, 785, 792, 796, 855, 865, 874, 889, 901, 939, 944, 967, 973, 996
66, 41, 78, 121, 130, 187, 195, 209, 237, 239, 261, 274, 322, 334, 360, 370, 385, 388, 417, 424, 431, 438, 439, 483, 501, 507, 513, 526, 531, 537, 599, 641, 718, 730, 734, 780, 787, 807, 817, 837, 941, 977, 987
89, 27, 50, 56, 76, 111, 135, 167, 172, 173, 184, 200, 207, 221, 233, 242, 268, 283, 290, 301, 313, 317, 318, 324, 339, 342, 354, 401, 418, 448, 488, 520, 533, 540, 551, 561, 595, 638, 648, 671, 708, 721, 723, 724, 744, 751, 769, 810, 823, 843, 850, 854, 859, 871, 877, 878, 893, 904, 912, 922, 923, 924, 925, 929, 930, 935, 952, 972, 976, 980, 984, 994, 997
68, 34, 46, 61, 120, 128, 204, 227, 260, 261, 275, 307, 351, 401, 404, 416, 433, 457, 488, 502, 516, 534, 563, 586, 607, 623, 626, 644, 646, 660, 667, 733, 736, 749, 752, 754, 778, 779, 870, 908, 966
85, 40, 41, 71, 89, 113, 115, 177, 181, 218, 301, 312, 316, 332, 349, 414, 469, 488, 547, 549, 558, 577, 607, 611, 614, 665, 739, 766, 834, 840, 906, 918, 932, 935, 957, 975, 996
15, 10, 18, 51, 59, 73, 102, 108, 112, 119, 135, 143, 157, 171, 183, 190, 191, 194, 201, 216, 220, 233, 243, 252, 261, 313, 335, 353, 390, 401, 403, 439, 441, 475, 480, 499, 533, 548, 550, 582, 585, 594, 601, 645, 652, 675, 679, 695, 710, 720, 729, 736, 775, 805, 823, 824, 850, 872, 876, 893, 912, 934, 988
80, 39, 104, 124, 130, 147, 154, 160, 191, 210, 230, 242, 244, 253, 288, 325, 338, 351, 355, 356, 363, 365, 375, 391, 411, 418, 419, 437, 457, 466, 486, 497, 517, 525, 526, 604, 610, 622, 629, 664, 683, 701, 736, 740, 791, 813, 844, 853, 863, 900, 909, 929, 933, 943, 990
53, 2, 5, 11, 35, 49, 53, 75, 89, 163, 167, 183, 203, 227, 239, 259, 348, 359, 368, 376, 417, 418, 457, 460, 484, 517, 528, 604, 633, 660, 697, 729, 796, 821, 858, 896, 904, 933, 939, 943, 959, 971, 982, 994
39, 12, 13, 27, 48, 63, 73, 94, 156, 212, 214, 285, 304, 305, 317, 368, 391, 402, 409, 436, 440, 488, 542, 544, 578, 606, 629, 631, 696, 699, 717, 744, 777, 794, 805, 817, 820, 826, 866, 883, 888, 905, 910, 937, 940, 960
10, 6, 21, 28, 37, 60, 93, 122, 143, 148, 153, 165, 167, 191, 192, 230, 301, 303, 304, 309, 318, 320, 333, 383, 387, 405, 414, 435, 448, 453, 457, 486, 497, 512, 578, 581, 599, 608, 620, 631, 666, 669, 721, 739, 745, 749, 834, 857, 882, 935
28, 4, 13, 112, 139, 142, 197, 240, 255, 293, 344, 394, 433, 451, 470, 566, 586, 587, 594, 613, 632, 633, 701, 771, 775, 794, 812, 829, 866, 894, 951, 990
42, 24, 30, 60, 89, 92, 102, 163, 202, 267, 298, 305, 309, 357, 418, 422, 432, 441, 446, 472, 489, 607, 619, 640, 664, 693, 703, 711, 714, 717, 722, 737, 739, 777, 793, 803, 820, 847, 878, 940, 945, 956, 990, 991, 993
4, 10, 21, 35, 132, 150, 164, 174, 181, 188, 194, 239, 262, 291, 342, 351, 379, 382, 388, 390, 397, 409, 410, 438, 506, 511, 531, 537, 556, 569, 574, 578, 584, 607, 619, 623, 634, 682, 726, 744, 748, 768, 773, 798, 799, 850, 851, 858, 867, 889, 916, 938, 939, 968, 972, 980
99, 37, 75, 91, 111, 121, 141, 142, 215, 228, 234, 257, 262, 263, 279, 285, 388, 426, 428, 469, 484, 490, 500, 518, 538, 551, 558, 571, 596, 599, 621, 649, 665, 686, 688, 715, 743, 784, 792, 810, 844, 847, 861, 878, 897, 947, 959, 972
74, 3, 17, 81, 91, 126, 152, 166, 174, 192, 196, 214, 220, 241, 319, 345, 346, 352, 381, 432, 457, 471, 497, 534, 575, 634, 639, 675, 700, 752, 893, 914, 918, 919, 938, 943, 965, 974, 986
59, 1, 68, 75, 104, 111, 114, 174, 177, 182, 199, 230, 234, 241, 249, 267, 277, 403, 412, 420, 494, 495, 498, 505, 537, 606, 610, 612, 647, 664, 669, 703, 720, 750, 765, 778, 844, 897, 907, 924, 927, 929, 938, 963, 998
36, 6, 24, 26, 35, 73, 93, 118, 131, 140, 151, 175, 179, 185, 228, 260, 265, 303, 334, 351, 357, 369, 381, 412, 423, 439, 472, 503, 541, 566, 571, 616, 666, 667, 677, 708, 736, 744, 745, 760, 772, 807, 821, 860, 861, 900, 907, 929, 985, 990
59, 30, 36, 181, 184, 191, 220, 241, 246, 289, 290, 300, 407, 409, 423, 436, 450, 455, 458, 478, 479, 481, 488, 541, 560, 562, 567, 570, 620, 634, 654, 669, 688, 695, 696, 700, 704, 716, 720, 797, 842, 867, 893, 907, 928, 931, 939, 997
17, 19, 40, 45, 70, 79, 100, 137, 164, 170, 178, 201, 225, 230, 258, 280, 287, 338, 340, 359, 364, 366, 368, 387, 389, 393, 416, 445, 479, 483, 494, 541, 563, 571, 574, 586, 587, 590, 603, 611, 640, 672, 686, 715, 722, 745, 747, 760, 773, 795, 810, 811, 837, 838, 845, 852, 876, 877, 878, 899, 903, 909, 936, 956, 959, 996
45, 7, 13, 23, 79, 82, 158, 178, 192, 224, 251, 331, 367, 405, 428, 429, 434, 468, 501, 561, 594, 674, 714, 741, 747, 761, 779, 803, 843, 871, 887, 890, 916, 960, 965, 988
76, 8, 15, 37, 38, 62, 88, 113, 129, 143, 184, 211, 212, 215, 240, 246, 261, 280, 326, 352, 356, 440, 504, 517, 532, 537, 554, 565, 596, 598, 665, 671, 687, 695, 698, 701, 715, 720, 724, 733, 734, 740, 803, 807, 808, 859, 875, 894, 899, 968, 984
36, 91, 157, 167, 187, 209, 224, 234, 260, 277, 281, 285, 288, 327, 363, 380, 386, 451, 461, 467, 495, 502, 504, 538, 539, 564, 568, 584, 585, 586, 614, 626, 646, 678, 680, 723, 725, 726, 744, 745, 746, 794, 867, 869, 890, 963, 964, 984, 989
34, 21, 84, 87, 98, 104, 138, 148, 184, 186, 197, 236, 237, 278, 302, 309, 317, 354, 408, 438, 480, 527, 542, 556, 596, 654, 668, 707, 719, 722, 724, 738, 754, 793, 815, 823, 834, 871, 874, 888, 980, 993
52, 37, 39, 45, 64, 125, 127, 139, 143, 146, 165, 190, 195, 211, 223, 269, 281, 290, 334, 343, 349, 358, 359, 360, 364, 366, 401, 404, 407, 450, 460, 486, 495, 497, 522, 538, 581, 584, 602, 607, 610, 614, 640, 670, 679, 694, 724, 845, 858, 862, 890, 923, 924, 953, 976, 982, 993
27, 3, 6, 23, 36, 49, 53, 67, 75, 78, 125, 185, 194, 221, 232, 237, 247, 256, 288, 305, 333, 346, 353, 366, 377, 379, 387, 396, 399, 451, 464, 469, 497, 499, 530, 556, 573, 580, 583, 584, 601, 611, 613, 619, 646, 653, 686, 726, 728, 740, 741, 743, 769, 778, 780, 848, 922, 987, 994
21, 23, 58, 70, 116, 127, 138, 172, 193, 215, 248, 253, 272, 283, 287, 303, 323, 348, 349, 353, 397, 426, 427, 456, 480, 637, 642, 669, 695, 702, 721, 814, 837, 858, 862, 865, 866, 878, 882, 895, 897, 937, 976, 981
92, 5, 18, 30, 35, 43, 54, 61, 72, 76, 88, 89, 95, 212, 225, 251, 253, 266, 290, 339, 415, 436, 452, 479, 534, 589, 609, 647, 667, 673, 684, 687, 702, 722, 738, 752, 764, 783, 807, 810, 854, 862, 884, 893, 903, 957, 960, 973, 974
71, 45, 77, 95, 96, 106, 109, 124, 147, 148, 185, 192, 230, 267, 280, 299, 312, 351, 365, 377, 396, 403, 435, 450, 461, 507, 508, 561, 577, 598, 600, 687, 721, 769, 774, 777, 789, 804, 810, 824, 837, 839, 870, 882, 907, 931, 966, 992
8, 7, 34, 62, 63, 80, 82, 126, 139, 156, 159, 162, 167, 175, 182, 205, 221, 268, 273, 274, 282, 289, 342, 355, 356, 372, 390, 405, 448, 474, 496, 521, 546, 551, 573, 582, 587, 616, 638, 661, 694, 699, 702, 705, 711, 727, 735, 738, 753, 794, 818, 827, 872, 897, 930, 933, 934, 957, 965, 970, 974
1, 23, 30, 42, 52, 64, 82, 107, 118, 129, 155, 168, 207, 291, 298, 301, 350, 355, 388, 415, 472, 473, 485, 490, 497, 532, 547, 600, 603, 620, 663, 689, 691, 714, 762, 771, 772, 776, 791, 792, 805, 813, 841, 853, 858, 864, 884, 898, 903, 938, 948, 979, 984, 985, 988, 989, 999
47, 1, 34, 88, 91, 95, 104, 139, 216, 218, 223, 226, 228, 250, 264, 270, 273, 300, 332, 340, 363, 369, 396, 405, 437, 446, 448, 465, 474, 543, 547, 579, 594, 639, 674, 694, 716, 721, 722, 750, 756, 771, 785, 839, 841, 843, 845, 846, 856, 904, 914, 929, 949, 969, 991
16, 110, 136, 165, 195, 215, 239, 244, 251, 255, 262, 280, 281, 304, 356, 478, 507, 511, 513, 518, 521, 531, 542, 584, 585, 594, 608, 611, 616, 633, 643, 656, 662, 663, 666, 697, 699, 704, 712, 748, 791, 839, 862, 917, 962, 988, 996
58, 24, 29, 34, 80, 124, 148, 159, 196, 208, 229, 231, 234, 271, 315, 354, 368, 410, 411, 423, 457, 469, 473, 486, 492, 504, 513, 532, 541, 547, 574, 586, 587, 595, 627, 665, 670, 684, 700, 721, 730, 732, 734, 739, 745, 749, 778, 785, 799, 813, 832, 833, 858, 875, 904, 908, 925, 952, 979, 981, 989
76, 18, 38, 56, 62, 72, 94, 115, 129, 160, 164, 173, 217, 221, 225, 234, 252, 276, 291, 303, 326, 384, 414, 431, 443, 469, 501, 537, 558, 594, 640, 641, 672, 695, 744, 756, 760, 768, 824, 827, 863, 893, 894, 895, 923, 974, 994, 995
84, 13, 70, 89, 95, 106, 127, 142, 160, 191, 227, 234, 266, 276, 310, 323, 342, 372, 376, 436, 458, 528, 580, 597, 608, 628, 674, 682, 700, 708, 717, 728, 736, 743, 758, 803, 821, 835, 889, 943, 944, 970, 972
80, 70, 82, 110, 139, 144, 199, 200, 211, 265, 269, 285, 310, 317, 327, 352, 357, 387, 392, 406, 439, 480, 516, 565, 569, 615, 701, 711, 781, 807, 830, 848, 879, 880, 885, 927, 947, 948, 949, 950
42, 9, 13, 71, 86, 150, 171, 180, 187, 210, 219, 242, 243, 250, 263, 270, 273, 295, 328, 354, 370, 373, 398, 406, 419, 425, 490, 497, 522, 534, 561, 575, 582, 607, 614, 622, 631, 661, 670, 672, 674, 687, 688, 689, 693, 723, 743, 767, 768, 771, 787, 836, 840, 852, 860, 862, 871, 877, 902, 914, 947, 950, 962, 967, 990, 994
47, 15, 17, 22, 28, 39, 55, 77, 89, 111, 160, 183, 256, 282, 292, 300, 330, 391, 393, 409, 411, 428, 440, 478, 489, 498, 501, 504, 516, 539, 584, 596, 630, 641, 676, 681, 691, 707, 731, 738, 743, 761, 771, 817, 844, 857, 890, 893, 901, 914, 916, 917, 927, 941, 952, 957, 971, 996
81, 9, 23, 26, 36, 74, 114, 116, 146, 155, 194, 323, 334, 352, 355, 373, 422, 434, 454, 456, 485, 495, 500, 505, 519, 522, 523, 525, 537, 582, 675, 722, 763, 780, 782, 800, 872, 875, 897, 905, 931, 944, 960, 962, 976, 979
75, 31, 69, 111, 142, 151, 173, 204, 209, 212, 221, 239, 240, 258, 284, 287, 296, 301, 307, 309, 356, 374, 400, 424, 427, 447, 460, 473, 476, 483, 491, 516, 533, 544, 595, 624, 710, 745, 754, 759, 769, 797, 801, 807, 864, 911, 952, 974, 982, 998
93, 9, 25, 32, 54, 77, 85, 88, 95, 185, 191, 212, 225, 243, 301, 307, 346, 352, 421, 438, 442, 450, 454, 461, 465, 483, 486, 500, 516, 530, 532, 542, 560, 575, 576, 582, 599, 610, 615, 617, 642, 668, 669, 671, 676, 677, 695, 723, 781, 816, 829, 847, 911, 952, 957, 972, 976, 981
22, 3, 33, 34, 61, 77, 108, 184, 199, 224, 230, 244, 261, 262, 277, 290, 305, 311, 316, 317, 319, 362, 373, 396, 408, 410, 452, 503, 511, 527, 549, 630, 654, 727, 731, 733, 745, 773, 787, 790, 793, 802, 813, 815, 822, 832, 844, 853, 863, 867, 877, 903, 908, 975, 980
67, 34, 42, 73, 83, 89, 102, 119, 123, 132, 147, 173, 192, 214, 236, 306, 323, 333, 367, 368, 392, 404, 423, 436, 452, 468, 473, 487, 493, 507, 513, 519, 551, 566, 585, 605, 628, 635, 645, 650, 662, 668, 681, 767, 780, 803, 816, 853, 898, 904, 912, 923, 951, 964, 977, 988, 990
39, 18, 20, 26, 27, 43, 45, 54, 86, 88, 127, 139, 191, 233, 239, 245, 255, 259, 277, 281, 293, 313, 332, 336, 349, 352, 375, 395, 437, 454, 459, 491, 495, 505, 533, 544, 570, 580, 611, 618, 634, 665, 680, 710, 716, 721, 722, 732, 734, 735, 745, 755, 774, 811, 847, 859, 876, 912, 936, 951, 995
96, 20, 23, 32, 34, 82, 119, 153, 172, 206, 217, 243, 249, 260, 302, 309, 334, 455, 460, 470, 505, 528, 536, 554, 566, 582, 583, 601, 657, 661, 668, 684, 690, 706, 767, 776, 788, 800, 814, 826, 831, 846, 872, 876, 893, 906, 915, 917, 979, 980
49, 16, 34, 77, 95, 113, 125, 192, 203, 246, 249, 252, 308, 312, 314, 358, 361, 372, 411, 426, 431, 435, 459, 514, 548, 589, 686, 690, 693, 744, 766, 789, 801, 844, 855, 926, 932, 943, 952, 973, 985
